1;Credit;Иванов Сергей Петрович;89001112233;2026-04-15;30;0;8.00;0;15000.00;15098.63;1;500.00;2.00;0
2;Credit;Петрова Анна Михайловна;89112223344;2026-03-20;90;1;12.00;1;50000.00;51479.45;1;0.00;5.00;1
3;Credit;Сидоров Дмитрий Владимирович;89223334455;2026-02-10;180;2;18.00;2;100000.00;108876.71;0;1000.00;3.00;2
4;Credit;Козлов Артём Алексеевич;89334445566;2026-01-05;365;0;10.00;0;75000.00;82500.00;1;2000.00;1.50;0
5;Credit;Морозов Никита Сергеевич;89445556677;2025-12-12;60;1;15.00;1;25000.00;25616.44;1;300.00;4.00;1
6;Credit;Волков Андрей Павлович;89556667788;2026-04-01;120;2;9.00;2;120000.00;123550.68;0;1500.00;2.50;2
7;Credit;Лебедев Максим Игоревич;89667778899;2026-03-15;270;0;11.00;0;45000.00;48661.64;1;0.00;0.00;0
8;Credit;Семёнов Роман Викторович;89778889900;2025-11-20;730;1;14.00;1;200000.00;256000.00;1;5000.00;1.00;1
9;Credit;Егоров Павел Денисович;89889990011;2026-02-28;45;2;20.00;2;8000.00;8197.26;0;400.00;5.00;2
10;Credit;Павлов Илья Андреевич;89990001122;2026-04-20;180;0;7.50;0;35000.00;35294.52;1;800.00;3.00;0
11;Credit;Николаев Владислав Олегович;89001113344;2026-01-25;90;1;16.00;1;60000.00;62367.12;1;0.00;6.00;1
12;Credit;Орлов Денис Валерьевич;89112224455;2025-10-30;365;2;13.00;2;95000.00;107350.00;0;2500.00;2.00;2
13;Credit;Макаров Богдан Степанович;89223335566;2026-03-05;30;0;8.50;0;22000.00;22153.70;1;600.00;2.50;0
14;Credit;Зайцев Григорий Юрьевич;89334446677;2025-09-15;540;1;10.00;1;180000.00;206630.14;1;3000.00;1.50;1
15;Deposit;Кузнецов Артём Павлович;89998887766;2026-01-15;30;0;5.00;0;10000.00;10041.10;1;0.00;0.00;0
16;Deposit;Смирнова Елена Дмитриевна;89776665544;2025-12-01;365;1;7.50;1;25000.00;26875.00;1;0.00;0.00;0
17;Deposit;Васильев Михаил Романович;89665554433;2026-02-20;90;2;6.00;2;5000.00;5073.97;1;0.00;0.00;0
18;Deposit;Гусев Александр Ильич;89554443322;2026-04-10;180;0;8.00;0;15000.00;15591.78;1;0.00;0.00;0
19;Deposit;Фомин Кирилл Андреевич;89443332211;2026-03-01;60;1;5.50;1;8000.00;8072.33;1;0.00;0.00;0
20;Deposit;Давыдов Станислав Петрович;89332221100;2025-11-15;270;2;9.00;2;30000.00;31997.26;1;0.00;0.00;0
21;Deposit;Тарасов Николай Викторович;89221110099;2026-04-25;730;0;7.00;0;50000.00;57000.00;1;0.00;0.00;0
22;Deposit;Белов Марк Денисович;89110009988;2026-02-05;120;1;6.50;1;12000.00;12256.44;1;0.00;0.00;0
23;Deposit;Мельников Тимофей Олегович;89009998877;2026-03-18;45;2;4.50;2;3500.00;3519.42;1;0.00;0.00;0
24;Deposit;Кравцов Лев Семёнович;88998887766;2025-10-20;365;0;10.00;0;45000.00;49500.00;1;0.00;0.00;0
25;Deposit;Антонов Платон Игоревич;88887776655;2026-01-30;90;1;8.00;1;20000.00;20394.52;1;0.00;0.00;0
26;Deposit;Яковлев Матвей Алексеевич;88776665544;2025-12-20;180;2;7.00;2;28000.00;28966.58;1;0.00;0.00;0
27;Deposit;Филатов Дмитрий Валерьевич;88665554433;2026-04-05;30;0;5.50;0;6000.00;6027.12;1;0.00;0.00;0
28;Deposit;Исаков Арсений Павлович;88554443322;2025-09-01;540;1;9.50;1;75000.00;85541.10;1;0.00;0.00;0